NAME	= Topographic Wetness Index
DESCRIPTION	= 
UNIT	= 
DATAFORMAT	= FLOAT
DATAFILE_OFFSET	= 0
BYTEORDER_BIG	= FALSE
TOPTOBOTTOM	= FALSE
POSITION_XMIN	= 3570050.0000000000
POSITION_YMIN	= 5708050.0000000000
CELLCOUNT_X	= 100
CELLCOUNT_Y	= 100
CELLSIZE	= 100.0000000000
Z_FACTOR	= 1.000000
Z_OFFSET	= 0.000000
NODATA_VALUE	= -99999.000000
