NAME	= eberg_zones [ZONES_int]
DESCRIPTION	= 
UNIT	= 
DATAFORMAT	= BYTE_UNSIGNED
DATAFILE_OFFSET	= 0
BYTEORDER_BIG	= FALSE
TOPTOBOTTOM	= FALSE
POSITION_XMIN	= 3570012.5000000000
POSITION_YMIN	= 5708012.5000000000
CELLCOUNT_X	= 400
CELLCOUNT_Y	= 400
CELLSIZE	= 25.0000000000
Z_FACTOR	= 1.000000
Z_OFFSET	= 0.000000
NODATA_VALUE	= 0.000000
