NAME	= LandUse_edgeroi_i [LandUse]
DESCRIPTION	= 
UNIT	= 
DATAFORMAT	= BYTE_UNSIGNED
DATAFILE_OFFSET	= 0
BYTEORDER_BIG	= FALSE
TOPTOBOTTOM	= FALSE
POSITION_XMIN	= 741525.0000000000
POSITION_YMIN	= 6646225.0000000000
CELLCOUNT_X	= 190
CELLCOUNT_Y	= 128
CELLSIZE	= 250.0000000000
Z_FACTOR	= 1.000000
Z_OFFSET	= 0.000000
NODATA_VALUE	= 0.000000
